0.611417
0.725167
0.791833
0.804833
0.74525
0.735916
0.678084
0.64325
0.65425
0.6405
0.692667
0.6435
0.680167
0.708584
0.6905
0.668083
0.689167
0.713
0.817583
0.650417
0.6725
0.721167
0.694167
0.652
0.7635
0.796833
0.739833
0.727583
0.76225
0.721084
0.78675
0.755667
0.74425
0.715833
0.74075
0.760416
0.747333
0.723417
0.753
0.718666
0.782666
0.7175
0.738666
0.72775
0.757083
0.726083
0.746167
0.71975
0.794917
0.724084
0.797834
0.723667
0.8075
0.78675
0.800583
0.792
0.80175
0.789
0.751084
0.731834
0.747084
0.793667
0.754584
0.71925
0.75925
0.760167
0.753417
0.740583
0.851333
0.784417
0.750333
0.709416
0.812916
0.723
0.749917
0.713166
0.754417
0.721167
0.754333
0.71825
0.759083
0.757
0.739667
0.722333
0.7625
0.724
0.751583
0.716333
0.745583
0.726
0.742584
0.716583
0.741167
0.716584
0.752333
0.718334
0.748417
0.745583
0.728333
0.708583
0.73225
0.710833
0.7265
0.721667
0.795417
0.80175
0.845167
0.793333
0.797084
0.76775
0.782417
0.691
0.722834
0.687667
0.666334
0.627167
0.67675
0.630333
0.668666
0.63275
0.671916
0.64025
0.737833
0.628167
0.655417
0.644667
0.65225
0.649833
0.671
0.679417
0.71475
0.645166
0.65725
0.744916
0.774084
0.6295
0.656917
0.636084
0.66275
0.625334
0.654083
0.63575
0.654333
0.634083
0.65725
0.63825
0.662416
0.67175
0.68625
0.644667
0.65025
0.64375
0.6535
0.628583
0.666
0.756333
0.627333
0.65625
0.630333
0.653666
0.710583
0.726
0.704
0.736334
0.720166
0.738917
0.724
0.739
0.729
0.737583
0.743416
0.741667
0.733
0.756167
0.7325
0.748834
0.74325
0.685084
0.682833
0.686167
0.684
0.75675
