0.752416
0.7935
0.81025
0.837
0.79525
0.769834
0.780084
0.755583
0.78425
0.792084
0.813417
0.8115
0.903
0.85075
0.882834
0.861916
0.850666
0.808667
0.813833
0.811584
0.871083
0.79625
0.825916
0.802416
0.942334
0.808667
0.886083
0.799417
0.90125
0.818583
0.891917
0.821667
0.879916
0.842916
0.81075
0.887583
0.848667
0.864583
0.828666
0.85175
0.838
0.867
0.8285
0.85775
0.858
0.859166
0.82825
0.872666
0.851916
0.85575
0.817333
0.886
0.858333
0.875833
0.823333
0.896167
0.848167
0.8715
0.826167
0.87075
0.906
1.01358
0.90625
0.963833
0.90875
0.901917
0.883417
0.911916
0.893834
0.894917
0.842417
0.878
0.8305
0.864
0.841417
0.850166
0.840917
0.886584
0.847416
0.860333
0.852333
0.871583
0.852917
0.793416
0.887667
0.808417
0.905583
0.80175
0.8885
0.805
0.914084
0.803584
0.901833
0.8345
0.82425
0.848834
0.820083
0.835333
0.850834
0.845666
0.82825
0.8395
0.817666
0.8365
0.82175
0.839167
0.818584
0.846666
0.825667
0.787917
0.8225
0.836917
0.8045
0.81575
0.80025
0.763167
0.781833
0.808
0.7825
0.802333
0.777084
0.785916
0.798416
0.7455
0.8405
0.824333
0.8545
0.78775
0.798333
0.7745
0.781583
0.769084
0.812666
0.77325
0.807834
0.771166
0.8045
0.763833
0.795584
0.764333
0.806333
0.766
0.802834
0.823583
0.845667
0.832417
0.801666
0.770583
0.795
0.779833
0.8015
0.77475
0.782667
0.773417
0.802583
0.806167
0.767166
0.801167
0.7645
0.80425
0.779917
0.80975
0.837917
0.816333
0.860833
0.81475
0.8745
0.824083
0.848334
0.823333
0.845834
0.836916
0.843084
0.825667
0.849083
0.815
0.87225
0.748584
0.83375
0.840916
0.8125
0.747417
