2.44383
2.40983
2.41442
2.47542
2.41917
2.46392
2.47883
2.41617
2.46817
2.41458
2.42667
2.46483
2.42475
2.46825
2.41642
2.47858
2.48958
2.39983
2.47325
2.43075
2.46808
2.42392
2.45167
2.40992
2.45467
2.43992
2.4235
2.46617
2.46642
2.463
2.42892
2.45933
2.46392
2.45483
2.42458
2.42508
2.4765
2.49217
2.44825
2.47792
2.45033
2.46617
2.43117
2.45775
2.41692
2.44483
2.45217
2.40792
2.5055
2.47967
2.41542
2.44117
2.46142
2.46742
2.4245
2.44683
2.44875
2.46675
2.44083
2.44508
2.43808
2.38358
2.44133
2.46167
2.4855
2.46517
2.45408
2.45542
2.42983
2.44833
2.40825
2.47783
2.41208
2.43958
2.46558
2.40875
2.47392
2.40367
2.46225
2.40583
2.45125
2.421
2.44717
2.47583
2.42067
2.41683
2.4585
2.44242
2.40733
2.457
2.43917
2.41008
2.43908
2.414
2.45575
2.41575
2.50483
2.40683
2.56317
2.40558
2.39767
2.53267
2.418
2.43542
2.49525
2.48125
2.44725
2.37725
2.46767
2.41275
2.4585
2.46058
2.41375
2.409
2.44583
2.49925
2.44992
2.41858
2.45017
2.40375
2.46017
2.41825
2.45583
2.51933
2.40308
2.45092
2.41767
2.51283
2.41175
2.45342
2.40942
2.45083
2.40025
2.468
2.48633
2.44417
2.463
2.41367
2.45733
2.452
2.40575
2.45492
2.43808
2.44725
2.40467
2.45633
2.44717
2.47175
2.40292
2.46108
2.40983
2.45975
2.44167
2.40725
2.45175
2.40092
2.45842
2.40725
2.45417
2.4595
2.4015
2.40708
2.45442
2.45458
2.44667
2.45625
2.43717
2.45275
2.54667
2.40042
2.46383
2.40642
2.465
2.41717
2.42475
2.40583
2.47192
2.42908
2.413
2.46625
2.41242
2.41792
