2.36725
3.09683
3.04975
3.09175
3.02417
3.03408
3.03142
3.06433
2.97183
3.02592
3.009
2.99175
3.02925
2.99742
3.02017
3.04633
3.0345
3.01025
3.02033
3.07117
3.02917
3.02783
3.00567
3.0295
2.9705
3.012
3.0085
2.97542
2.97625
3.028
3.0265
3.11242
3.05292
2.97667
3.01733
3.04492
3.02883
2.98642
3.02933
2.98492
3.0045
2.98833
3.00767
3.02575
3.03183
2.979
3.03958
3.0345
3.04592
3.03025
3.02408
3.05808
3.033
3.10983
3.054
2.53892
3.02825
3.04025
2.99017
2.99575
3.00675
3.08133
2.9795
2.998
3.0225
2.99392
3.02092
2.98392
3.13225
3.02333
3.044
3.01975
3.04383
3.0215
2.99067
3.03467
3.02742
3.00092
3.0285
2.97492
3.0345
2.98792
3.01183
3.0245
3.02558
2.97867
3.01867
3.03667
3.031
3.00817
3.0255
3.0095
3.01167
3.02625
3.06125
3.03967
3.01617
3.0125
2.44792
3.00983
3.059
3.01383
3.01983
2.97767
3.03192
2.9865
3.07183
3.04308
3.04525
3.035
3.06717
2.98767
3.03192
3.05892
3.02933
3.05117
2.98875
3.03858
3.00683
3.03725
3.10075
3.05808
3.02275
2.43642
3.01975
3.046
3.03183
3.0045
3.01067
3.02933
3.02533
3.0365
3.09133
3.046
3.10625
3.06
2.99367
3.08942
2.98483
3.00175
3.02817
3.02625
3.13417
3.00017
3.02
2.99358
3.02142
3.03792
3.02933
3.03092
3.02733
3.03975
3.04225
3.09575
3.07542
2.59675
3.01633
3.03517
3.01292
3.03642
3.045
3.00758
3.04417
3.03375
2.98617
3.09933
3.04208
3.04192
3.02667
3.024
3.02767
3.02658
3.01617
3.00858
3.00942
3.0315
2.99592
3.06275
3.02883
3.02067
3.02392
3.062
